====================
 cycle:1 	96  	ADDI 	R4, R0, #208 

registers:
r00:	0		0		0		0		0		0		0		0	
r08:	0		0		0		0		0		0		0		0	
r16:	0		0		0		0		0		0		0		0	
r24:	0		0		0		0		0		0		0		0	

data:
====================
 cycle:2 	100  	ADDI 	R0, R0, #10 

registers:
r00:	0		0		0		0		0		0		0		0	
r08:	0		0		0		0		0		0		0		0	
r16:	0		0		0		0		0		0		0		0	
r24:	0		0		0		0		0		0		0		0	

data:
====================
 cycle:3 	104  	ADDI 	R2, R0, #1 

registers:
r00:	0		0		0		0		0		0		0		0	
r08:	0		0		0		0		0		0		0		0	
r16:	0		0		0		0		0		0		0		0	
r24:	0		0		0		0		0		0		0		0	

data:
====================
 cycle:4 	108 	STUR 	R2, [R4, #1] 

registers:
r00:	0		0		0		0		0		0		0		0	
r08:	0		0		0		0		0		0		0		0	
r16:	0		0		0		0		0		0		0		0	
r24:	0		0		0		0		0		0		0		0	

data:
====================
 cycle:5 	112 	ADD 	R1, R1, R0 

registers:
r00:	25		25		0		0		0		0		0		0	
r08:	0		0		0		0		0		0		0		0	
r16:	0		0		0		0		0		0		0		0	
r24:	0		0		0		0		0		0		0		0	

data:
112:	1	2	3	4	5	6	7	8
112:	9	10	0	0	0	0	0	0
====================
 cycle:6 	116 	ADD 	R2, R1, R0 

registers:
r00:	25		25		50		0		0		0		0		0	
r08:	0		0		0		0		0		0		0		0	
r16:	0		0		0		0		0		0		0		0	
r24:	0		0		0		0		0		0		0		0	

data:
116:	1	2	3	4	5	6	7	8
116:	9	10	1	2	3	4	5	6
116:	7	8	9	10	0	0	0	0
====================
 cycle:7 	120 	LDUR 	R1, [R4, #1] 

registers:
r00:	25		25		50		0		0		0		0		0	
r08:	0		0		0		0		0		0		0		0	
r16:	0		0		0		0		0		0		0		0	
r24:	0		0		0		0		0		0		0		0	

data:
120:	1	2	3	4	5	6	7	8
120:	9	10	1	2	3	4	5	6
120:	7	8	9	10	0	0	0	0
====================
 cycle:8 	124 	AND 	R2, R1, R2 

registers:
r00:	25		25		25		0		0		0		0		0	
r08:	0		0		0		0		0		0		0		0	
r16:	0		0		0		0		0		0		0		0	
r24:	0		0		0		0		0		0		0		0	

data:
124:	1	2	3	4	5	6	7	8
124:	9	10	1	2	3	4	5	6
124:	7	8	9	10	1	2	3	4
124:	5	6	7	8	9	10	0	0
====================
 cycle:9 	128 	CBZ 	R2, #17 

registers:
r00:	25		25		25		0		0		0		0		0	
r08:	0		0		0		0		0		0		0		0	
r16:	0		0		0		0		0		0		0		0	
r24:	0		0		0		0		0		0		0		0	

data:
128:	1	2	3	4	5	6	7	8
128:	9	10	1	2	3	4	5	6
128:	7	8	9	10	1	2	3	4
128:	5	6	7	8	9	10	0	0
====================
 cycle:10 	132  	ADDI 	R0, R0, #5 

registers:
r00:	25		25		25		0		0		0		0		0	
r08:	0		0		0		0		0		0		0		0	
r16:	0		0		0		0		0		0		0		0	
r24:	0		0		0		0		0		0		0		0	

data:
132:	1	2	3	4	5	6	7	8
132:	9	10	1	2	3	4	5	6
132:	7	8	9	10	1	2	3	4
132:	5	6	7	8	9	10	0	0
====================
 cycle:11 	136  	SUBI 	R0, R0, #5 

registers:
r00:	25		25		25		0		0		0		0		0	
r08:	0		0		0		0		0		0		0		0	
r16:	0		0		0		0		0		0		0		0	
r24:	0		0		0		0		0		0		0		0	

data:
136:	1	2	3	4	5	6	7	8
136:	9	10	1	2	3	4	5	6
136:	7	8	9	10	1	2	3	4
136:	5	6	7	8	9	10	0	0
====================
 cycle:12 	140  	ADDI 	R0, R0, #5 

registers:
r00:	25		25		25		0		0		0		0		0	
r08:	0		0		0		0		0		0		0		0	
r16:	0		0		0		0		0		0		0		0	
r24:	0		0		0		0		0		0		0		0	

data:
140:	1	2	3	4	5	6	7	8
140:	9	10	1	2	3	4	5	6
140:	7	8	9	10	1	2	3	4
140:	5	6	7	8	9	10	0	0
====================
 cycle:13 	144 	SUB 	R3, R1, R2 

registers:
r00:	25		25		25		0		0		0		0		0	
r08:	0		0		0		0		0		0		0		0	
r16:	0		0		0		0		0		0		0		0	
r24:	0		0		0		0		0		0		0		0	

data:
144:	1	2	3	4	5	6	7	8
144:	9	10	1	2	3	4	5	6
144:	7	8	9	10	1	2	3	4
144:	5	6	7	8	9	10	1	2
144:	3	4	5	6	7	8	9	10
====================
 cycle:14 	148 	ORR 	R3, R1, R2 

registers:
r00:	25		25		25		25		0		0		0		0	
r08:	0		0		0		0		0		0		0		0	
r16:	0		0		0		0		0		0		0		0	
r24:	0		0		0		0		0		0		0		0	

data:
148:	1	2	3	4	5	6	7	8
148:	9	10	1	2	3	4	5	6
148:	7	8	9	10	1	2	3	4
148:	5	6	7	8	9	10	1	2
148:	3	4	5	6	7	8	9	10
148:	1	2	3	4	5	6	7	8
148:	9	10	0	0	0	0	0	0
====================
 cycle:15 	152 	ASR 	R12, R1, #1 

registers:
r00:	25		25		25		25		0		0		0		0	
r08:	0		0		0		0		0		0		0		0	
r16:	0		0		0		0		0		0		0		0	
r24:	0		0		0		0		0		0		0		0	

data:
152:	1	2	3	4	5	6	7	8
152:	9	10	1	2	3	4	5	6
152:	7	8	9	10	1	2	3	4
152:	5	6	7	8	9	10	1	2
152:	3	4	5	6	7	8	9	10
152:	1	2	3	4	5	6	7	8
152:	9	10	0	0	0	0	0	0
====================
 cycle:16 	156 	LSR 	R12, R1, #1 

registers:
r00:	25		25		25		25		0		0		0		0	
r08:	0		0		0		0		0		0		0		0	
r16:	0		0		0		0		0		0		0		0	
r24:	0		0		0		0		0		0		0		0	

data:
156:	1	2	3	4	5	6	7	8
156:	9	10	1	2	3	4	5	6
156:	7	8	9	10	1	2	3	4
156:	5	6	7	8	9	10	1	2
156:	3	4	5	6	7	8	9	10
156:	1	2	3	4	5	6	7	8
156:	9	10	0	0	0	0	0	0
====================
 cycle:17 	160  	SUBI 	R8, R8, #400 

registers:
r00:	25		25		25		25		0		0		0		0	
r08:	0		0		0		0		0		0		0		0	
r16:	0		0		0		0		0		0		0		0	
r24:	0		0		0		0		0		0		0		0	

data:
160:	1	2	3	4	5	6	7	8
160:	9	10	1	2	3	4	5	6
160:	7	8	9	10	1	2	3	4
160:	5	6	7	8	9	10	1	2
160:	3	4	5	6	7	8	9	10
160:	1	2	3	4	5	6	7	8
160:	9	10	0	0	0	0	0	0
====================
 cycle:18 	164  	ADDI 	R0, R0, #5 

registers:
r00:	25		25		25		25		0		0		0		0	
r08:	0		0		0		0		0		0		0		0	
r16:	0		0		0		0		0		0		0		0	
r24:	0		0		0		0		0		0		0		0	

data:
164:	1	2	3	4	5	6	7	8
164:	9	10	1	2	3	4	5	6
164:	7	8	9	10	1	2	3	4
164:	5	6	7	8	9	10	1	2
164:	3	4	5	6	7	8	9	10
164:	1	2	3	4	5	6	7	8
164:	9	10	0	0	0	0	0	0
====================
 cycle:19 	168 	SUB 	R3, R3, R1 

registers:
r00:	25		25		25		0		0		0		0		0	
r08:	0		0		0		0		0		0		0		0	
r16:	0		0		0		0		0		0		0		0	
r24:	0		0		0		0		0		0		0		0	

data:
168:	1	2	3	4	5	6	7	8
168:	9	10	1	2	3	4	5	6
168:	7	8	9	10	1	2	3	4
168:	5	6	7	8	9	10	1	2
168:	3	4	5	6	7	8	9	10
168:	1	2	3	4	5	6	7	8
168:	9	10	1	2	3	4	5	6
168:	7	8	9	10	0	0	0	0
====================
 cycle:20 	172 	ORR 	R5, R5, R3 

registers:
r00:	25		25		25		25		0		25		0		0	
r08:	0		0		0		0		0		0		0		0	
r16:	0		0		0		0		0		0		0		0	
r24:	0		0		0		0		0		0		0		0	

data:
172:	1	2	3	4	5	6	7	8
172:	9	10	1	2	3	4	5	6
172:	7	8	9	10	1	2	3	4
172:	5	6	7	8	9	10	1	2
172:	3	4	5	6	7	8	9	10
172:	1	2	3	4	5	6	7	8
172:	9	10	1	2	3	4	5	6
172:	7	8	9	10	1	2	3	4
172:	5	6	7	8	9	10	0	0
====================
 cycle:21 	176 	ASR 	R7, R7, #1 

registers:
r00:	25		25		25		25		0		25		0		0	
r08:	0		0		0		0		0		0		0		0	
r16:	0		0		0		0		0		0		0		0	
r24:	0		0		0		0		0		0		0		0	

data:
176:	1	2	3	4	5	6	7	8
176:	9	10	1	2	3	4	5	6
176:	7	8	9	10	1	2	3	4
176:	5	6	7	8	9	10	1	2
176:	3	4	5	6	7	8	9	10
176:	1	2	3	4	5	6	7	8
176:	9	10	1	2	3	4	5	6
176:	7	8	9	10	1	2	3	4
176:	5	6	7	8	9	10	0	0
====================
 cycle:22 	180 	LSR 	R8, R8, #1 

registers:
r00:	25		25		25		25		0		25		0		0	
r08:	0		0		0		0		0		0		0		0	
r16:	0		0		0		0		0		0		0		0	
r24:	0		0		0		0		0		0		0		0	

data:
180:	1	2	3	4	5	6	7	8
180:	9	10	1	2	3	4	5	6
180:	7	8	9	10	1	2	3	4
180:	5	6	7	8	9	10	1	2
180:	3	4	5	6	7	8	9	10
180:	1	2	3	4	5	6	7	8
180:	9	10	1	2	3	4	5	6
180:	7	8	9	10	1	2	3	4
180:	5	6	7	8	9	10	0	0
====================
 cycle:23 	184 	EOR 	R16, R1, R0 

registers:
r00:	25		25		25		25		0		25		0		0	
r08:	0		0		0		0		0		0		0		0	
r16:	0		0		0		0		0		0		0		0	
r24:	0		0		0		0		0		0		0		0	

data:
184:	1	2	3	4	5	6	7	8
184:	9	10	1	2	3	4	5	6
184:	7	8	9	10	1	2	3	4
184:	5	6	7	8	9	10	1	2
184:	3	4	5	6	7	8	9	10
184:	1	2	3	4	5	6	7	8
184:	9	10	1	2	3	4	5	6
184:	7	8	9	10	1	2	3	4
184:	5	6	7	8	9	10	1	2
184:	3	4	5	6	7	8	9	10
====================
 cycle:24 	188 	LSL 	R16, R2, #1 

registers:
r00:	25		25		25		25		0		25		0		0	
r08:	0		0		0		0		0		0		0		0	
r16:	0		0		0		0		0		0		0		0	
r24:	0		0		0		0		0		0		0		0	

data:
188:	1	2	3	4	5	6	7	8
188:	9	10	1	2	3	4	5	6
188:	7	8	9	10	1	2	3	4
188:	5	6	7	8	9	10	1	2
188:	3	4	5	6	7	8	9	10
188:	1	2	3	4	5	6	7	8
188:	9	10	1	2	3	4	5	6
188:	7	8	9	10	1	2	3	4
188:	5	6	7	8	9	10	1	2
188:	3	4	5	6	7	8	9	10
====================
 cycle:25 	192 	B   	#3 

registers:
r00:	25		25		25		25		0		25		0		0	
r08:	0		0		0		0		0		0		0		0	
r16:	0		0		0		0		0		0		0		0	
r24:	0		0		0		0		0		0		0		0	

data:
192:	1	2	3	4	5	6	7	8
192:	9	10	1	2	3	4	5	6
192:	7	8	9	10	1	2	3	4
192:	5	6	7	8	9	10	1	2
192:	3	4	5	6	7	8	9	10
192:	1	2	3	4	5	6	7	8
192:	9	10	1	2	3	4	5	6
192:	7	8	9	10	1	2	3	4
192:	5	6	7	8	9	10	1	2
192:	3	4	5	6	7	8	9	10
====================
 cycle:26 	196  	ADDI 	R2, R2, #1 

registers:
r00:	25		25		25		25		0		25		0		0	
r08:	0		0		0		0		0		0		0		0	
r16:	0		0		0		0		0		0		0		0	
r24:	0		0		0		0		0		0		0		0	

data:
196:	1	2	3	4	5	6	7	8
196:	9	10	1	2	3	4	5	6
196:	7	8	9	10	1	2	3	4
196:	5	6	7	8	9	10	1	2
196:	3	4	5	6	7	8	9	10
196:	1	2	3	4	5	6	7	8
196:	9	10	1	2	3	4	5	6
196:	7	8	9	10	1	2	3	4
196:	5	6	7	8	9	10	1	2
196:	3	4	5	6	7	8	9	10
====================
 cycle:27 	200 	B   	#-18 

registers:
r00:	25		25		25		25		0		25		0		0	
r08:	0		0		0		0		0		0		0		0	
r16:	0		0		0		0		0		0		0		0	
r24:	0		0		0		0		0		0		0		0	

data:
200:	1	2	3	4	5	6	7	8
200:	9	10	1	2	3	4	5	6
200:	7	8	9	10	1	2	3	4
200:	5	6	7	8	9	10	1	2
200:	3	4	5	6	7	8	9	10
200:	1	2	3	4	5	6	7	8
200:	9	10	1	2	3	4	5	6
200:	7	8	9	10	1	2	3	4
200:	5	6	7	8	9	10	1	2
200:	3	4	5	6	7	8	9	10
====================
 cycle:28 	204 	ADD 	R1, R1, R2 

registers:
r00:	25		50		25		25		0		25		0		0	
r08:	0		0		0		0		0		0		0		0	
r16:	0		0		0		0		0		0		0		0	
r24:	0		0		0		0		0		0		0		0	

data:
204:	1	2	3	4	5	6	7	8
204:	9	10	1	2	3	4	5	6
204:	7	8	9	10	1	2	3	4
204:	5	6	7	8	9	10	1	2
204:	3	4	5	6	7	8	9	10
204:	1	2	3	4	5	6	7	8
204:	9	10	1	2	3	4	5	6
204:	7	8	9	10	1	2	3	4
204:	5	6	7	8	9	10	1	2
204:	3	4	5	6	7	8	9	10
204:	1	2	3	4	5	6	7	8
204:	9	10	0	0	0	0	0	0
====================
 cycle:29 	208 	BREAK 

registers:
r00:	25		50		25		25		0		25		0		0	
r08:	0		0		0		0		0		0		0		0	
r16:	0		0		0		0		0		0		0		0	
r24:	0		0		0		0		0		0		0		0	

data:
208:	1	2	3	4	5	6	7	8
208:	9	10	1	2	3	4	5	6
208:	7	8	9	10	1	2	3	4
208:	5	6	7	8	9	10	1	2
208:	3	4	5	6	7	8	9	10
208:	1	2	3	4	5	6	7	8
208:	9	10	1	2	3	4	5	6
208:	7	8	9	10	1	2	3	4
208:	5	6	7	8	9	10	1	2
208:	3	4	5	6	7	8	9	10
208:	1	2	3	4	5	6	7	8
208:	9	10	0	0	0	0	0	0
